10
24
6773
14 5833
309 3003
330 3957
462 2384
792 4038
937 1702
1627 32
1673 3777
2013 4586
2091 5783
3752 4844
4486 6394
4559 4030
4772 2652
4776 3013
5012 2700
5079 4452
5734 5313
5829 3471
5965 2147
6087 5483
6697 4930
6713 3306
6718 1919
31
3376
152 134
165 3019
253 443
466 982
536 509
706 183
810 1395
868 676
1027 1235
1255 1300
1334 1524
1588 981
1593 3123
1724 973
1790 3017
1880 2478
1938 2571
2002 2797
2006 2442
2352 2380
2392 372
2688 1223
2795 2502
2853 789
2866 737
2885 980
2900 1259
3004 1478
3194 1840
3239 2356
3263 324
36
7069
268 3259
622 6205
826 6329
1843 3154
1952 2257
1960 4005
2088 3897
2147 5203
2620 2297
2824 507
2827 2035
3109 1129
3290 5427
3366 1105
3373 2219
3587 3687
3651 2662
3742 3054
4084 4159
4463 4475
4496 4102
4543 3322
5199 5049
5337 1037
5465 3998
5540 830
5817 6574
6070 1334
6159 2151
6310 527
6329 3530
6701 409
6864 1916
6909 1545
7045 924
7054 4981
100
337
4 73
6 219
13 264
20 173
22 70
29 179
31 13
31 185
34 325
41 53
46 190
51 218
52 231
62 106
63 137
65 264
71 115
73 190
77 182
81 58
84 235
87 281
90 32
94 134
95 107
96 187
97 7
106 170
107 282
109 229
114 306
121 13
123 86
127 99
128 76
134 54
139 5
144 290
146 50
146 319
150 13
156 169
159 269
160 221
162 43
163 199
169 275
170 20
171 52
171 58
173 289
174 148
174 334
178 215
183 112
185 214
187 54
188 199
190 102
194 151
194 225
195 173
196 17
197 87
198 85
199 97
199 120
202 207
205 208
209 192
220 171
223 314
226 56
236 16
236 110
236 247
237 244
238 272
243 137
255 157
260 112
271 70
271 250
281 304
292 218
296 319
297 1
297 10
301 166
307 208
308 3
308 266
310 60
314 144
316 273
319 129
320 11
327 194
331 21
335 233
81
3234
7 428
16 2120
78 878
88 1603
125 1315
132 978
175 459
202 220
241 3122
267 265
270 3091
284 995
297 3212
308 298
314 949
326 817
327 1824
517 1649
532 65
565 2941
568 75
588 39
597 268
624 3214
659 1396
665 1815
674 1147
813 2801
889 3103
903 950
912 2137
948 1618
966 768
1024 2261
1070 2382
1140 2442
1193 263
1305 1636
1417 2309
1460 2333
1465 2996
1496 2814
1501 2584
1551 205
1625 129
1685 2111
1706 581
1709 2709
1760 2691
1825 3075
1838 391
1907 3187
1948 2243
1987 779
1992 1965
2072 4
2085 2791
2102 1881
2110 220
2135 1278
2298 2292
2303 204
2306 977
2376 1488
2441 619
2478 661
2579 324
2674 2814
2720 489
2735 790
2735 2709
2786 497
2882 574
2899 246
2901 2619
2946 2490
2953 1860
3022 160
3098 985
3167 1553
3200 703
84
315
3 191
8 245
10 86
16 142
20 77
23 28
25 87
29 69
30 278
32 311
33 109
34 61
37 135
38 281
39 68
42 53
43 208
48 312
51 285
51 314
54 190
61 179
62 244
66 134
66 168
71 313
72 228
80 212
87 240
87 244
92 173
95 132
100 241
100 307
109 73
112 76
113 178
121 134
121 242
122 50
122 201
128 271
139 165
145 118
155 275
163 36
167 86
167 209
174 41
177 31
184 259
188 271
193 145
194 219
205 215
210 216
211 64
212 187
221 96
237 57
249 185
250 252
252 266
257 113
258 23
266 18
266 24
267 74
271 286
273 128
275 251
279 78
285 103
285 302
288 42
288 208
289 312
298 27
300 118
301 22
304 253
307 61
313 126
315 249
40
1101
13 958
47 610
59 590
168 577
180 478
215 474
220 230
274 338
321 789
341 840
369 824
384 967
403 630
430 90
453 116
463 920
509 220
513 388
518 574
527 897
620 161
621 853
639 443
669 401
691 459
701 86
708 972
742 958
783 409
837 717
867 379
871 216
872 218
893 637
946 984
966 939
980 901
982 247
1038 52
1063 592
23
494
7 256
11 44
19 429
38 448
89 63
90 4
116 335
133 342
149 295
240 41
247 32
262 138
319 342
333 78
351 348
351 408
362 268
369 366
371 263
372 10
374 376
389 133
468 282
62
7810
40 537
46 3571
152 6058
174 4789
297 6035
512 6269
606 1874
844 1282
918 5533
947 5649
1007 6467
1093 5118
1117 3375
1236 7194
1375 521
1588 5043
1626 2097
1800 4349
1955 3460
2003 1836
2024 2739
2085 6892
2114 5445
2177 4742
2194 7555
2227 6231
2318 6268
2371 5585
2586 2541
2587 6486
2861 6990
2875 2309
2926 2626
3161 3051
3263 1165
3282 3339
3349 529
3647 3957
4109 2152
4111 4287
4199 5306
4436 7560
4438 3267
4475 3415
4566 1329
4584 6268
4890 3827
4891 1851
4919 2204
5078 2453
5239 5914
5461 450
5688 4095
5726 1789
6133 5994
6336 5463
6732 6485
6816 7195
6976 7087
7147 6284
7640 6635
7742 4280
15
876
218 54
225 669
299 261
343 296
352 140
450 534
507 434
551 89
552 790
677 734
689 611
743 693
852 138
860 863
863 108
