100
72
47 50
30 96
21 53
46 39
80 47
43 87
80 30
92 99
82 19
34 33
32 16
3 83
79 52
87 80
57 30
41 41
4 92
13 54
59 26
96 99
87 64
92 12
30 99
80 29
83 66
78 83
15 83
7 63
92 51
37 91
76 70
74 13
4 81
30 89
70 65
73 45
89 14
56 94
19 53
44 38
54 1
93 97
72 86
70 35
19 68
6 51
28 71
22 7
99 73
5 91
8 30
52 49
73 51
16 80
59 98
70 2
58 73
37 54
100 18
80 21
4 53
17 99
59 33
99 14
89 91
1 22
88 89
61 86
9 93
85 95
85 10
43 65
68
85 53
31 21
64 2
44 12
35 22
90 62
53 25
69 20
44 30
33 26
69 49
61 16
70 29
45 57
74 58
67 40
80 77
16 41
83 4
45 45
90 57
13 51
41 5
73 6
93 40
17 86
96 41
9 28
7 65
21 65
55 68
26 82
14 41
97 22
12 66
71 88
5 18
67 26
43 99
85 2
19 3
40 64
85 46
65 59
34 33
10 19
33 12
82 47
2 26
2 40
36 35
7 79
89 84
8 54
73 89
97 43
15 22
47 18
76 75
26 39
50 44
51 96
40 24
14 65
88 16
68 13
37 14
79 98
49
72 30
2 15
16 85
47 96
11 53
37 30
81 26
82 6
66 78
19 32
98 8
80 93
51 58
84 84
92 68
4 100
41 65
91 42
52 5
93 69
37 79
70 41
33 37
94 51
82 71
1 4
20 97
48 58
14 66
52 76
27 68
76 79
15 42
67 9
20 86
92 78
70 10
59 25
4 35
52 96
69 81
59 43
80 83
52 37
58 69
84 73
35 51
11 5
2 79
97
40 20
15 28
76 39
40 74
65 24
78 48
6 13
95 20
33 97
84 52
16 33
30 28
9 66
42 44
10 29
19 20
43 25
68 27
15 54
89 18
7 79
96 13
68 94
42 2
7 76
84 33
63 76
58 54
48 98
41 70
25 99
69 68
24 78
53 3
23 1
71 66
13 43
81 46
4 81
42 36
85 75
86 7
39 30
48 68
94 59
41 7
29 28
31 57
67 66
48 7
68 73
8 60
77 5
49 95
91 17
32 54
72 76
93 45
4 44
30 76
87 12
31 33
27 33
37 50
17 64
92 19
2 11
87 92
69 23
8 16
23 82
83 11
66 86
46 65
29 10
51 74
38 3
82 5
29 38
72 1
57 89
57 38
89 21
92 70
96 1
50 16
4 5
70 64
30 2
66 19
77 11
75 29
57 35
58 77
30 9
19 69
56 75
60
54 57
82 90
11 93
41 51
46 56
6 48
94 4
91 95
55 54
8 83
53 79
70 76
91 89
88 32
68 52
37 3
45 31
29 76
96 18
34 23
48 76
78 6
39 69
22 42
61 27
60 34
42 97
28 38
82 30
89 33
62 57
17 21
93 67
29 34
21 6
64 94
72 82
74 47
60 88
49 41
35 41
77 26
72 66
56 89
50 85
47 93
11 13
97 69
8 53
54 34
21 92
19 3
84 80
3 87
64 48
100 7
75 73
77 53
11 59
51 40
60
39 15
81 77
57 5
60 40
85 50
40 26
17 74
34 61
53 19
56 19
7 31
40 26
71 94
24 69
5 32
46 86
69 96
53 48
39 7
98 53
39 12
29 7
74 49
55 20
42 68
34 69
55 85
14 59
84 52
81 93
86 22
89 66
39 59
81 41
32 4
16 49
79 27
62 23
7 89
70 95
77 81
68 81
31 9
65 46
7 51
35 52
45 50
28 78
36 54
31 99
82 13
6 10
91 31
8 39
52 49
98 91
22 74
59 8
33 29
25 46
58
63 6
44 90
67 27
22 33
43 73
32 56
7 68
13 86
52 21
60 8
56 1
84 69
95 13
8 17
50 71
56 81
92 40
100 12
85 23
74 69
87 94
68 72
26 81
96 92
59 91
25 7
51 46
21 41
6 25
11 56
32 82
64 96
36 22
95 8
80 95
64 88
78 34
16 96
76 24
27 29
98 83
15 19
84 70
93 51
30 92
31 93
30 78
87 77
76 22
52 79
75 19
49 84
60 19
67 98
93 50
78 85
2 22
67 29
71
2 64
95 5
85 79
32 51
14 2
67 28
9 13
17 42
64 36
81 17
49 43
70 26
15 60
73 10
87 79
52 75
82 11
38 60
10 69
60 64
9 74
9 12
56 18
89 41
70 72
23 95
64 12
18 5
57 91
73 32
91 76
85 80
13 82
25 6
38 15
25 64
77 95
82 96
64 71
12 82
27 9
90 18
83 92
50 11
56 74
96 13
97 2
23 27
46 54
18 95
88 51
15 81
100 18
44 10
18 28
6 15
4 99
23 97
14 69
70 5
83 88
7 91
63 62
96 82
98 92
66 75
40 38
16 73
59 94
27 73
47 29
82
65 79
96 61
65 92
75 27
6 93
78 17
31 70
25 49
12 33
9 17
1 75
81 53
83 93
73 92
49 22
39 37
49 76
19 34
69 22
64 52
20 63
38 7
20 43
18 44
23 42
37 24
27 22
94 42
33 90
69 25
97 22
78 98
64 9
37 18
67 76
65 79
91 93
39 89
25 55
22 63
8 69
55 55
57 50
25 67
4 54
39 97
86 29
60 41
59 85
82 16
70 20
31 73
22 50
18 43
35 21
33 16
62 4
34 94
24 64
18 76
97 73
90 30
77 100
28 98
95 2
26 47
20 7
53 68
57 83
11 54
76 63
93 39
39 43
10 17
15 98
94 84
4 93
97 76
39 72
65 9
29 50
14 19
48
56 12
14 89
11 34
79 73
69 95
57 93
95 9
93 75
54 22
62 51
10 60
58 30
26 29
44 29
66 70
78 25
97 77
97 21
30 36
32 39
42 19
26 26
9 10
19 96
41 68
58 84
9 78
29 76
99 15
86 49
45 57
3 25
49 73
49 81
56 97
14 3
54 32
25 60
72 26
100 26
7 83
2 3
41 3
78 57
96 37
100 96
19 27
9 68
88
17 48
20 32
79 22
62 67
3 16
4 28
88 60
80 35
28 66
17 90
1 63
36 39
31 60
45 51
22 1
63 65
5 41
59 68
49 64
80 87
13 75
74 2
4 42
94 16
26 63
12 39
87 70
35 36
52 29
71 67
41 9
73 67
92 89
47 68
84 68
88 95
38 48
56 93
8 39
81 65
97 21
49 79
64 12
87 55
14 99
96 46
17 98
62 13
35 97
34 93
100 78
57 27
71 69
41 28
91 31
18 16
40 66
90 71
19 48
12 14
6 41
9 34
6 56
28 49
65 30
79 42
8 22
79 62
84 34
79 39
94 67
95 58
1 72
3 78
61 24
20 15
28 45
14 3
80 92
28 28
100 41
29 64
13 41
15 97
9 83
22 6
75 99
81 31
12
17 99
22 76
84 79
17 84
49 96
45 13
40 85
91 95
61 66
94 30
13 64
14 70
20
91 53
49 85
84 67
61 3
97 9
48 70
46 29
43 78
56 90
13 94
32 52
72 76
68 25
2 77
19 95
48 19
85 88
14 100
28 36
76 48
27
91 89
61 67
30 72
73 34
68 19
25 54
77 42
2 95
56 81
29 36
59 78
36 4
70 17
53 19
41 10
29 12
88 47
12 29
45 10
24 71
4 6
50 65
2 84
65 57
29 19
62 56
97 10
15
62 15
9 48
74 88
46 97
80 85
51 11
65 98
100 7
57 35
6 33
96 99
65 45
99 27
55 65
54 8
98
93 81
80 90
98 90
39 2
83 39
62 7
67 85
4 89
78 80
94 60
79 99
93 71
32 9
76 65
95 99
27 11
93 18
44 4
83 83
46 3
38 38
71 36
8 83
32 57
64 46
68 2
95 64
10 68
68 41
15 3
81 20
36 23
37 35
32 78
17 86
55 91
89 24
87 87
74 31
63 98
62 45
97 40
23 2
50 92
53 39
90 69
83 78
55 32
30 3
13 33
45 46
61 58
36 16
73 57
1 16
43 75
79 11
24 71
63 98
40 3
55 13
87 58
14 91
16 93
22 5
20 10
58 69
16 23
68 43
94 93
49 100
39 1
45 2
40 30
66 66
76 33
24 60
77 31
85 70
2 28
67 8
80 32
4 33
92 57
55 29
92 96
79 85
37 11
71 71
6 24
85 52
45 52
59 100
12 51
66 98
14 89
7 69
70 63
2
41 31
60 52
53
86 82
76 70
27 3
44 53
14 86
48 3
31 67
37 84
43 40
43 78
32 72
91 25
88 94
47 45
29 24
74 17
11 11
56 84
51 23
5 81
72 16
11 55
56 39
30 40
56 38
33 5
39 12
7 88
12 66
95 29
67 89
85 83
47 94
86 86
68 22
55 36
31 100
1 52
51 22
29 26
84 56
92 81
20 14
69 6
5 26
88 56
57 79
43 8
40 14
39 80
30 72
22 61
20 98
55
100 74
7 90
14 84
79 31
90 56
11 68
74 62
15 78
29 28
12 81
28 72
1 2
96 81
91 1
11 34
81 60
43 85
45 86
56 26
31 93
61 66
78 92
48 58
51 81
10 37
83 81
38 64
62 59
61 81
76 70
82 40
45 76
3 10
80 39
31 75
90 19
12 60
69 49
12 72
47 69
75 99
58 41
92 15
45 79
65 98
83 89
29 28
71 26
50 57
27 71
6 47
78 18
14 60
78 58
19 49
51
27 5
59 50
51 53
42 15
94 78
97 54
76 70
61 100
63 58
71 27
35 94
49 40
27 48
16 30
88 27
59 94
79 71
63 25
89 89
38 50
46 10
18 26
33 83
99 13
95 5
100 100
58 95
80 70
80 94
88 6
90 88
72 98
63 68
43 74
87 30
47 11
4 53
15 14
30 84
3 18
49 74
80 48
54 5
62 84
76 3
13 22
10 58
23 54
35 39
85 64
93 23
49
23 98
4 43
38 34
50 19
49 88
98 21
98 86
27 73
58 5
8 69
90 84
41 73
61 13
34 63
25 72
94 36
42 98
31 92
22 100
81 24
28 17
15 64
12 49
17 34
14 86
74 90
35 10
31 18
16 22
52 36
25 84
34 17
54 1
87 43
41 22
47 76
19 25
80 84
68 10
52 7
85 82
58 82
4 87
25 55
53 77
7 36
68 77
46 62
70 10
69
13 84
44 10
68 60
61 81
69 43
76 44
78 16
65 13
19 10
59 43
7 7
73 14
67 34
63 51
12 8
34 17
33 43
61 74
43 95
82 19
66 1
54 39
53 84
93 46
1 39
63 68
96 5
94 67
84 85
83 66
92 6
13 40
1 21
78 34
32 60
4 93
32 39
27 19
49 96
5 32
90 87
39 12
58 90
4 28
41 71
78 5
58 9
63 60
33 19
85 82
90 3
5 63
30 75
62 36
9 42
76 66
26 74
98 32
18 19
90 54
3 52
85 74
100 5
1 9
42 65
19 1
60 71
31 36
88 12
58
92 82
94 32
71 95
59 51
43 99
63 86
54 36
8 48
16 80
41 89
8 37
70 81
52 25
86 100
7 83
62 84
12 58
89 27
69 65
74 23
62 23
24 30
21 97
77 55
48 82
8 88
40 78
67 81
63 63
9 69
90 63
23 90
47 100
17 9
5 35
79 5
48 12
30 36
15 94
19 77
70 39
63 51
13 86
46 72
63 57
37 19
31 41
66 15
61 34
13 69
2 81
63 91
20 42
42 85
66 76
48 32
59 30
32 83
27
70 15
11 30
44 37
62 51
60 43
99 2
63 12
12 2
61 1
16 58
48 53
47 90
15 59
74 16
81 45
89 61
91 59
89 6
61 13
62 52
12 89
30 75
59 57
60 65
73 38
63 68
25 55
19
99 82
96 9
74 97
22 57
55 6
90 57
90 86
23 81
4 62
94 90
39 6
61 62
60 39
81 30
72 31
36 26
1 1
19 88
91 42
74
63 68
9 17
78 30
9 92
25 5
9 92
84 96
57 49
1 81
87 72
68 89
58 60
15 29
78 91
56 60
58 66
74 31
9 11
63 8
97 24
43 30
15 48
55 49
83 78
75 18
97 47
19 75
66 54
3 82
31 35
31 43
97 96
80 62
76 3
56 60
27 10
31 71
23 31
85 44
70 79
39 87
3 70
71 66
76 38
9 50
40 60
34 48
53 85
55 92
50 83
27 72
55 84
4 51
55 46
94 56
35 16
34 22
82 49
7 67
59 24
24 28
8 50
84 58
26 17
10 23
66 56
44 54
70 65
25 98
70 86
9 45
72 78
82 86
63 44
12
58 57
88 54
3 29
95 92
30 32
79 74
80 67
77 90
33 94
23 59
9 27
64 100
65
94 26
2 92
82 58
5 7
47 28
8 34
66 31
21 70
74 24
17 8
16 24
81 63
96 65
39 83
62 22
60 38
93 1
82 29
14 15
24 79
90 76
80 43
84 60
80 24
72 5
54 60
18 50
52 65
32 30
38 27
20 16
69 79
15 5
79 92
47 57
64 36
60 31
22 51
16 89
78 92
31 83
73 36
27 59
45 41
67 82
72 84
42 6
31 74
59 57
21 19
24 55
60 76
100 15
65 20
31 30
69 90
49 35
56 35
91 9
49 75
50 70
4 86
21 38
79 20
62 76
75
25 1
43 65
57 37
5 86
95 72
20 72
1 23
21 11
80 29
87 47
69 30
29 90
15 68
9 95
58 54
28 73
19 23
87 39
3 69
98 34
9 91
85 88
100 100
50 62
43 24
50 11
40 52
14 99
37 16
84 23
20 47
68 81
71 76
48 39
96 66
58 25
64 79
51 83
45 6
28 35
79 35
52 3
27 92
67 46
18 70
73 44
78 10
96 36
100 20
77 16
44 98
4 84
48 67
3 29
24 93
3 25
99 4
99 44
69 13
91 10
42 54
95 25
66 4
44 94
38 65
50 88
11 2
24 78
7 33
92 81
13 96
20 94
66 62
77 84
90 42
92
12 94
87 60
41 21
76 22
90 67
93 22
2 14
1 78
66 47
89 23
12 32
93 86
60 26
36 75
94 55
55 100
4 45
24 71
29 49
4 17
23 8
22 64
82 4
68 32
15 98
41 18
14 55
63 68
74 27
63 32
45 84
49 17
34 22
11 78
12 74
98 99
45 13
2 53
94 61
62 4
66 32
49 8
25 25
11 71
47 36
75 56
83 73
36 88
51 95
32 55
11 11
19 32
90 3
64 97
4 41
98 36
56 2
87 90
57 60
87 33
31 2
15 49
88 47
53 98
71 19
67 16
53 12
23 64
44 21
4 62
66 46
8 15
96 33
40 51
87 85
68 77
97 15
94 14
36 28
14 33
26 4
5 69
97 11
100 27
50 69
39 58
36 35
34 33
9 42
46 85
57 10
2 93
28
35 99
84 52
100 12
84 70
71 36
76 19
17 59
49 46
40 92
44 84
14 62
9 89
52 77
68 79
44 92
79 44
80 66
56 16
40 68
91 11
79 2
11 88
25 36
92 13
89 97
46 59
32 12
68 8
2
31 79
7 80
61
46 85
8 4
54 61
37 89
16 50
98 22
83 75
48 51
55 17
72 46
13 11
82 20
55 86
75 78
63 91
43 19
89 24
51 28
37 14
38 35
83 13
69 56
94 53
94 12
58 51
83 35
29 8
34 1
45 17
7 23
24 70
31 43
17 90
78 37
14 90
76 33
100 40
70 15
33 27
88 99
86 91
16 43
62 91
90 29
58 52
72 99
65 77
89 55
84 19
33 71
56 19
15 65
5 73
100 63
8 94
89 36
96 92
31 49
99 7
75 24
44 26
39
100 54
95 40
92 31
13 18
80 10
3 67
98 66
36 46
68 90
36 26
74 3
11 95
30 74
98 35
20 76
95 3
69 7
79 20
66 56
17 25
63 45
49 97
62 42
100 45
83 12
7 37
36 19
39 67
90 26
60 87
5 58
85 60
12 96
29 73
6 14
58 21
40 13
31 68
49 51
49
48 73
37 53
99 68
43 81
39 30
51 94
53 17
25 25
84 38
84 24
97 1
47 5
40 63
53 67
14 57
66 76
97 39
65 71
78 79
55 71
69 65
25 14
68 64
18 28
64 23
35 100
97 81
32 23
70 59
19 41
20 44
6 4
86 85
82 43
50 100
55 50
62 67
91 20
51 4
62 74
49 71
49 54
71 12
10 80
55 32
10 9
69 42
85 39
98 5
36
18 46
40 73
73 37
83 1
67 60
69 96
42 61
41 60
32 27
4 13
75 86
90 21
15 52
54 37
65 61
26 43
77 20
95 88
88 86
37 2
66 86
52 98
6 23
18 99
16 25
23 24
85 6
29 21
46 91
86 34
11 53
60 38
79 34
11 20
67 33
92 28
17
51 43
4 85
48 62
82 29
62 21
17 83
7 26
58 76
52 66
4 53
26 45
96 89
2 55
49 71
31 26
53 79
36 37
40
93 36
50 25
18 63
83 98
26 75
3 4
65 82
25 73
100 50
99 42
95 9
38 97
49 2
49 4
11 63
30 69
99 68
95 1
28 52
43 49
58 88
67 100
75 50
27 38
59 51
46 84
65 62
63 80
46 89
31 39
66 43
42 88
50 23
97 86
59 69
99 41
87 40
2 26
60 33
67 83
84
1 24
91 52
74 100
9 21
33 41
76 55
58 68
21 97
59 90
52 79
44 86
31 81
68 34
56 53
38 29
45 5
65 28
1 94
11 99
60 32
77 22
42 2
66 11
74 3
77 7
94 18
96 83
49 73
65 66
61 66
29 67
62 79
35 33
87 33
76 18
20 72
20 20
56 18
22 35
61 98
41 100
12 72
71 7
16 100
40 40
84 16
30 40
4 44
50 7
78 48
18 98
21 89
11 5
10 51
96 97
47 23
30 85
24 72
41 95
95 49
12 94
4 92
46 35
66 5
39 58
5 79
8 73
66 47
58 11
29 45
89 27
76 31
68 30
27 25
65 82
9 92
8 42
42 97
100 86
31 89
70 68
59 83
28 94
26 59
56
88 34
40 49
35 18
49 60
71 2
13 93
97 1
82 46
91 86
37 94
43 95
51 6
1 83
81 31
71 40
37 51
61 67
66 1
94 4
7 22
28 1
86 52
80 35
68 70
96 2
62 13
10 11
35 64
8 74
32 70
4 87
19 3
78 48
9 6
22 3
18 7
93 96
99 9
16 65
51 15
23 11
33 69
22 36
41 40
93 60
11 70
70 50
1 41
19 15
43 79
72 60
3 70
88 61
50 71
98 53
60 62
56
1 40
5 32
8 29
24 20
85 39
48 52
26 80
87 16
100 14
58 56
25 46
89 81
85 10
84 54
58 26
7 39
80 61
34 7
39 28
33 44
67 16
53 20
63 63
82 85
25 90
68 77
95 71
93 69
72 97
87 90
47 21
35 82
24 70
72 58
97 55
92 82
12 26
79 15
69 6
49 54
95 8
28 95
16 48
60 64
60 89
86 72
38 16
35 71
27 90
29 69
63 34
70 80
18 29
36 13
84 79
7 100
1
37 30
93
73 84
7 92
19 48
33 31
82 43
56 90
15 71
47 83
21 6
2 96
67 88
18 10
100 10
85 24
10 43
19 32
87 66
83 45
33 46
27 1
67 5
62 76
19 89
71 82
21 22
76 51
68 78
27 16
52 99
93 95
52 97
50 93
70 12
83 100
65 19
49 37
3 2
42 87
34 54
15 65
8 74
74 73
74 53
9 22
87 38
34 5
28 9
72 38
58 19
22 60
53 83
18 93
69 58
25 66
5 27
11 44
42 14
48 9
44 55
30 97
74 44
72 52
77 96
16 50
85 11
32 29
20 41
35 20
22 85
83 40
36 67
2 87
74 67
64 88
42 32
34 68
67 9
5 89
63 59
56 42
68 61
88 33
5 89
100 18
49 96
86 37
22 41
91 77
74 48
56 12
13 55
59 21
68 21
21
26 42
59 30
83 95
79 68
71 45
54 14
12 63
40 56
42 93
41 55
96 52
53 91
15 57
96 53
74 27
100 58
37 70
22 37
67 90
16 51
46 94
40
9 83
90 40
36 48
12 81
90 56
91 96
54 46
86 68
52 37
65 93
16 76
74 56
3 6
20 82
79 44
64 87
54 67
45 77
77 83
95 96
47 56
63 20
37 16
60 72
27 19
80 76
49 2
12 32
71 23
30 31
93 91
18 31
91 90
48 72
94 62
4 86
46 11
43 47
47 76
86 22
5
98 66
100 73
99 9
38 45
66 95
85
64 67
61 64
59 78
70 18
9 47
15 75
58 33
40 19
74 82
31 81
18 22
88 57
53 85
96 55
86 52
98 87
59 32
54 78
18 56
93 91
19 94
89 60
77 54
32 5
8 94
47 59
88 76
6 64
64 8
37 81
63 71
82 84
40 47
9 93
73 98
100 39
90 51
70 53
15 72
34 73
98 17
28 62
18 82
89 9
77 16
12 65
20 85
99 70
73 4
40 97
24 94
58 21
17 92
79 4
22 16
99 67
95 19
11 37
13 66
14 69
27 77
37 21
71 95
31 13
49 86
75 84
5 29
6 85
4 3
45 29
32 72
48 2
25 92
12 81
8 44
97 21
47 20
50 95
36 49
95 40
27 88
14 68
71 7
12 36
80 93
99
51 94
42 32
36 100
47 68
5 31
40 17
91 47
63 55
94 29
95 3
40 78
70 55
6 74
80 1
69 61
98 30
14 59
55 36
99 87
26 48
24 33
25 45
18 40
11 6
50 31
25 74
10 67
72 77
55 69
81 20
48 25
31 92
69 82
96 43
76 1
50 68
32 82
86 62
79 95
75 23
98 42
74 54
2 21
20 76
6 5
25 39
48 32
94 77
57 50
61 98
77 18
78 78
70 63
83 45
96 48
9 94
53 69
60 73
95 94
46 95
50 78
66 46
27 44
52 58
26 27
69 51
81 53
14 89
26 35
16 7
41 5
57 3
14 14
65 33
56 83
65 18
48 71
2 22
18 32
99 49
61 38
77 38
60 62
4 73
20 87
72 14
5 10
42 8
13 94
29 9
48 20
80 7
30 8
11 22
48 25
96 51
57 29
49 9
25 13
80
83 36
64 1
83 30
12 5
86 11
6 48
34 50
44 93
16 27
4 42
92 80
61 75
37 91
19 50
36 95
14 94
1 57
96 9
65 14
43 98
23 64
88 80
45 22
3 55
36 38
55 10
43 3
25 88
46 91
13 66
14 12
99 68
57 12
9 20
19 6
16 25
30 100
82 18
13 36
6 99
49 57
1 72
46 19
86 62
95 40
98 89
81 94
93 68
43 50
87 72
72 61
67 10
59 4
16 66
89 100
35 20
87 81
62 46
17 26
6 12
87 75
74 24
25 38
19 68
34 38
72 52
59 68
71 28
87 53
33 16
100 12
27 69
79 60
99 88
10 84
29 1
52 8
83 1
36 60
5 22
56
8 91
80 88
57 14
82 30
79 64
47 11
64 96
54 25
42 20
80 59
49 13
42 53
80 59
18 13
48 4
99 83
43 43
94 57
73 2
95 55
93 27
36 5
29 28
97 35
5 86
58 45
71 70
99 99
21 21
30 88
79 45
98 78
43 76
13 12
77 91
52 25
88 18
53 97
28 68
95 92
83 48
78 55
34 69
30 23
85 73
23 65
100 57
26 78
64 14
39 20
26 3
57 15
83 99
77 13
69 13
99 79
89
36 1
27 2
2 97
58 22
17 56
69 26
22 88
8 87
80 30
1 19
38 43
48 88
41 78
7 87
7 17
81 81
32 29
2 19
21 72
4 96
43 84
25 15
39 88
4 8
35 78
12 10
43 37
55 19
72 31
16 32
7 63
33 30
53 78
62 72
93 38
77 86
5 66
13 98
23 25
98 78
50 7
80 53
48 81
91 87
46 8
77 14
93 11
96 40
24 89
22 68
86 32
81 82
64 15
60 32
15 39
37 63
81 6
14 1
67 78
58 50
76 73
33 96
83 37
22 9
62 32
74 29
22 51
65 18
15 41
48 15
35 95
25 24
20 15
10 26
84 73
30 16
54 3
39 93
83 52
95 26
95 98
87 41
27 91
6 15
49 7
47 93
30 88
44 10
71 4
92
40 96
3 70
16 14
9 14
74 76
36 99
71 3
43 91
41 26
2 49
22 57
67 49
16 82
7 38
91 41
86 51
41 90
100 93
70 32
25 55
79 15
58 24
49 22
9 5
93 100
15 58
16 74
97 60
24 81
44 76
66 68
30 40
26 43
64 80
18 92
32 24
26 30
23 51
27 76
97 48
57 1
3 78
98 77
76 89
64 3
74 55
43 19
20 10
98 39
5 18
75 64
48 14
100 42
90 1
89 97
74 52
13 28
23 78
14 93
98 86
32 61
89 79
67 95
38 81
57 16
17 53
66 98
40 18
36 69
49 83
76 57
19 68
80 74
68 92
23 77
68 28
44 8
70 97
66 66
69 11
19 30
86 25
45 48
36 37
16 49
98 89
87 72
79 52
81 13
92 50
3 70
44 94
67
21 85
83 34
26 57
29 59
52 27
74 78
19 5
86 9
12 95
50 82
68 5
41 68
77 5
68 19
54 6
6 5
17 59
83 79
18 47
15 42
10 18
63 87
75 86
57 91
14 70
7 35
67 53
39 32
41 99
31 23
91 40
38 93
3 18
50 26
67 53
86 51
91 86
35 63
51 72
100 75
67 88
39 49
34 54
80 59
45 60
1 28
58 43
80 51
98 83
58 44
87 74
50 93
5 74
4 45
68 80
88 58
45 1
13 40
73 93
78 40
48 66
34 78
89 31
18 48
47 50
78 97
43 9
32
13 77
57 91
24 8
38 18
43 59
1 73
31 2
16 29
42 32
3 1
63 69
8 95
37 69
5 63
66 96
45 79
50 76
38 73
86 10
65 87
87 43
68 55
76 99
47 47
82 82
48 91
86 59
46 10
78 54
41 94
68 96
36 59
71
54 47
73 37
97 80
18 61
29 78
40 35
82 10
88 36
98 49
47 79
99 77
89 9
57 51
98 27
58 20
48 29
92 28
57 39
64 70
39 39
23 65
55 93
25 50
68 57
31 7
99 73
4 61
15 56
44 43
42 3
58 88
94 53
7 27
4 31
2 20
30 68
28 92
37 28
53 62
17 36
20 83
1 82
33 30
98 41
86 79
18 41
93 97
29 3
47 23
57 74
25 64
36 60
22 19
56 49
84 1
76 15
38 8
17 87
22 48
42 54
79 51
71 90
66 24
38 68
7 57
60 40
18 28
100 12
34 78
65 84
73 14
7
21 40
7 75
44 23
62 89
77 6
98 82
21 4
88
84 69
74 21
88 69
39 74
88 66
78 19
20 66
79 15
16 29
58 11
70 30
15 37
32 75
8 87
84 55
16 96
86 88
19 57
13 25
85 36
82 70
42 99
40 26
93 51
80 90
46 78
2 88
40 64
42 40
22 78
4 30
70 93
55 89
21 28
9 26
34 35
92 90
27 28
14 88
45 47
17 27
9 89
92 2
44 3
44 11
34 24
37 20
91 7
88 19
80 84
53 78
89 64
57 98
51 5
84 52
27 21
95 25
54 99
35 68
83 50
91 50
48 50
90 9
35 94
91 63
88 89
42 100
32 19
50 38
73 93
99 73
5 10
2 96
13 52
37 43
14 87
96 23
1 52
5 96
61 96
45 47
2 6
55 64
75 75
54 97
14 97
14 47
77 95
76
98 10
49 46
20 10
10 40
31 65
51 41
34 64
67 84
7 22
42 41
82 94
31 56
55 16
34 29
95 55
93 61
32 90
10 97
66 82
5 39
48 54
32 67
98 43
69 17
76 14
14 59
89 58
100 94
83 63
62 79
44 14
24 28
57 49
15 47
97 93
55 3
36 33
61 93
95 28
41 11
8 64
57 10
39 28
34 16
60 76
93 33
83 36
53 84
67 52
90 15
43 40
70 82
55 30
90 10
70 43
93 90
21 82
79 12
61 78
38 2
18 25
25 30
28 87
9 58
93 11
83 29
59 69
47 80
41 29
57 6
36 27
80 17
12 52
7 8
68 4
4 70
31
89 39
78 4
78 37
44 88
50 75
89 94
12 38
5 92
22 3
61 57
22 63
27 69
54 61
73 89
94 59
99 13
95 93
40 93
5 5
36 96
22 39
90 18
21 63
60 95
94 81
96 15
90 90
10 92
35 5
27 68
20 100
36
46 91
22 36
29 22
73 59
56 61
78 26
42 32
33 72
89 81
2 93
18 82
66 91
57 78
72 99
43 72
92 85
72 19
67 54
65 40
37 56
78 57
25 19
25 4
21 64
99 29
36 35
93 84
15 14
95 80
95 29
27 20
53 66
53 76
80 100
72 17
86 91
17
41 85
32 67
84 13
85 72
37 84
31 62
70 44
18 42
76 47
14 21
27 71
79 62
46 59
98 61
79 32
23 7
14 13
17
92 30
43 97
77 53
26 34
5 13
58 29
30 67
18 12
87 76
50 71
41 67
32 65
7 14
57 50
82 68
36 36
19 2
31
95 16
68 13
62 51
86 54
34 81
6 29
27 79
53 20
46 19
10 77
96 92
87 79
47 74
92 97
5 78
69 1
57 38
56 6
96 49
7 51
42 7
97 95
66 89
76 92
51 100
25 94
24 88
81 23
87 79
92 82
47 80
61
57 31
28 22
84 27
68 20
27 52
64 70
24 23
4 88
85 26
17 50
88 8
6 6
95 40
58 7
33 44
76 23
38 35
42 31
45 91
75 77
45 23
36 81
39 84
86 19
80 6
21 98
24 9
31 19
50 82
41 13
22 8
12 83
17 12
98 92
18 66
73 11
81 77
10 6
49 98
38 51
74 99
97 12
62 54
20 18
89 27
73 69
2 8
66 67
45 70
15 42
68 38
81 98
16 13
100 3
25 6
49 13
49 100
14 2
74 72
50 83
71 23
33
51 32
75 44
3 47
44 35
28 19
96 74
75 46
10 12
81 48
69 64
59 56
70 30
98 10
40 17
42 24
82 28
75 55
54 9
27 26
84 44
96 62
4 89
24 69
30 61
41 61
6 59
88 97
41 72
76 61
9 26
54 38
32 15
13 69
23
96 80
92 61
97 19
70 47
92 31
41 29
75 100
79 20
2 33
57 8
87 17
68 23
62 85
80 47
94 34
44 18
57 84
6 79
90 51
34 65
64 14
90 71
81 53
31
47 91
34 13
84 38
49 46
98 76
23 82
92 50
96 47
56 34
7 2
70 100
88 10
15 22
79 90
64 15
8 25
55 11
88 77
35 47
17 12
31 59
5 21
26 20
13 83
33 32
20 88
84 68
33 13
28 68
58 7
49 60
32
79 78
31 12
44 91
19 16
83 13
81 86
77 28
96 56
82 67
92 77
72 27
93 93
85 3
94 74
59 2
14 62
91 4
56 82
15 68
90 74
60 12
74 78
9 33
96 73
50 45
53 72
100 35
71 34
21 81
81 66
50 10
39 16
80
77 11
29 1
58 91
57 5
61 8
21 59
31 61
89 6
61 41
62 86
84 51
62 92
99 72
59 47
11 65
30 56
57 100
24 27
53 47
88 36
35 91
56 60
11 93
72 15
92 71
22 80
21 2
74 25
49 54
14 36
6 31
13 3
84 51
89 80
81 37
71 49
17 56
57 80
35 6
99 60
78 67
92 21
11 90
35 74
50 19
22 81
13 77
36 16
45 97
63 82
90 76
67 73
22 59
100 100
72 4
91 46
46 66
27 73
69 98
55 88
65 97
13 14
66 61
50 73
76 17
42 10
19 47
34 57
5 74
2 29
84 36
10 54
24 33
34 74
82 37
19 87
39 17
28 62
57 44
52 7
42
47 65
83 27
100 90
10 83
31 75
57 31
34 31
77 47
82 78
39 24
48 44
84 4
36 18
20 34
45 85
45 44
56 51
58 47
28 62
87 88
57 42
54 28
9 96
23 68
2 38
81 5
100 77
48 8
48 74
5 67
9 60
14 27
1 52
31 9
54 31
44 33
70 4
57 25
27 58
22 6
66 99
52 30
40
80 56
45 15
56 67
78 52
68 51
99 25
14 70
82 17
71 14
7 52
28 56
54 48
8 13
82 4
46 71
93 32
23 83
10 29
82 51
24 29
29 18
91 95
68 36
4 67
49 55
1 28
37 4
38 44
16 64
38 50
79 42
73 35
5 10
12 91
92 81
88 19
4 96
32 88
35 81
52 100
13
9 39
91 97
49 68
39 47
6 28
10 86
12 47
81 25
17 55
57 16
23 67
18 25
54 27
32
91 87
31 86
43 31
38 86
43 7
13 7
100 9
10 99
39 89
79 86
29 52
36 96
45 5
61 90
34 81
47 49
99 91
70 61
33 44
11 77
64 89
41 52
68 60
70 40
57 97
10 33
86 84
79 30
94 60
54 98
29 18
82 100
31
89 33
94 83
80 91
65 42
71 3
49 74
51 48
56 78
45 10
50 53
89 18
60 77
60 30
91 35
21 33
67 21
21 53
10 32
48 94
94 84
1 37
31 83
94 12
13 13
38 52
62 18
75 7
27 52
54 10
53 29
83 11
55
61 58
83 4
63 3
50 33
55 19
13 88
27 70
16 52
44 75
97 26
56 56
59 62
4 42
37 17
16 86
19 79
2 1
57 80
20 18
93 95
28 57
46 78
64 1
14 62
76 21
25 77
10 37
82 71
53 36
26 5
98 17
3 38
52 28
25 96
39 26
65 17
27 98
21 43
44 4
29 66
97 47
19 45
39 50
82 81
37 67
83 27
59 87
14 93
54 92
73 22
34 67
82 97
15 73
6 60
75 62
43
7 36
31 32
48 56
10 4
97 61
4 6
86 91
42 2
73 95
33 89
69 96
40 22
62 57
88 80
94 69
39 3
89 20
93 65
16 78
87 80
5 18
12 79
100 36
87 11
73 60
58 42
75 3
48 39
6 56
67 79
25 92
33 68
96 50
74 14
23 85
92 11
38 92
48 20
77 13
78 95
56 48
46 41
38 99
3
34 100
54 18
37 10
74
48 90
48 8
51 70
53 24
56 93
66 46
44 40
9 92
30 79
11 65
36 1
26 83
25 99
71 55
100 77
6 100
76 49
10 11
82 99
95 3
10 37
23 68
22 73
58 49
100 19
17 57
87 2
28 30
41 73
39 63
57 95
31 72
85 30
19 96
99 27
16 76
92 30
44 89
65 70
85 61
40 7
8 23
12 61
5 40
3 80
10 85
45 80
97 62
66 99
56 1
97 76
20 58
65 21
88 57
62 38
65 7
16 29
67 72
53 56
15 35
22 68
26 81
14 86
54 100
93 80
6 41
97 80
21 67
78 46
30 23
30 19
47 64
54 59
49 40
85
11 66
89 75
4 76
73 6
7 65
11 19
31 97
55 39
75 90
73 41
74 25
66 62
81 97
62 27
79 3
79 5
29 87
78 44
49 44
20 42
47 10
74 65
37 77
2 33
15 90
56 95
61 77
26 79
29 97
3 10
32 25
55 62
57 4
28 60
31 50
30 48
90 43
25 34
48 23
41 60
69 70
87 9
69 91
84 97
24 42
70 2
36 87
46 5
17 65
75 63
33 87
56 68
18 70
34 27
70 21
87 34
57 32
24 74
90 78
84 44
64 94
43 58
90 29
46 94
84 62
15 52
47 61
81 59
52 82
50 2
65 91
12 53
26 44
20 82
35 7
84 93
70 35
35 99
23 62
82 52
92 26
55 57
77 87
80 15
15 100
24
92 30
4 30
46 37
9 67
83 58
2 71
11 100
12 89
41 48
63 81
69 75
83 60
5 32
37 66
77 42
7 35
74 14
35 36
72 50
26 76
100 81
19 45
9 9
87 18
23
26 72
92 27
45 20
75 86
34 17
14 35
24 56
3 11
48 93
5 25
78 15
89 5
30 42
22 94
36 81
34 26
89 23
24 64
33 42
64 43
98 27
98 3
43 44
54
39 41
37 9
11 4
56 2
98 7
94 25
93 99
36 65
9 88
92 2
19 69
93 45
35 61
41 91
83 53
65 78
88 77
44 11
23 10
62 16
89 26
97 32
54 50
61 83
54 81
94 5
22 82
55 46
38 80
54 80
12 82
45 52
26 97
97 29
27 53
63 100
89 65
58 68
66 22
77 66
76 10
2 24
85 43
22 19
49 79
68 51
88 69
91 67
17 16
34 3
9 69
62 26
55 56
48 72
54
41 72
63 97
14 30
45 40
43 99
65 45
47 29
53 38
46 92
14 25
30 19
54 1
46 51
5 17
71 17
81 97
14 81
18 44
62 18
48 57
86 25
39 57
41 10
30 7
5 96
31 82
32 31
20 42
3 100
52 10
90 96
4 38
68 61
38 95
39 51
68 4
24 50
42 50
43 55
97 27
15 69
97 53
11 31
84 46
51 86
86 40
60 41
60 9
56 92
49 62
8 86
98 30
21 57
77 64
63
74 15
43 97
100 30
51 78
9 42
33 13
25 54
30 97
21 25
10 64
18 42
6 94
78 19
1 40
37 82
17 42
46 27
43 92
39 24
88 83
26 42
14 18
38 37
11 84
76 14
46 70
19 18
97 2
81 26
17 96
3 95
41 63
35 49
13 21
33 55
41 45
2 20
25 22
78 55
91 60
62 66
15 60
33 32
40 74
87 92
47 52
12 85
11 89
13 53
72 2
97 40
65 88
45 89
90 25
9 34
40 3
85 71
80 34
25 8
33 58
76 81
32 48
79 48
21
83 81
41 29
57 70
68 98
50 44
5 66
4 42
52 66
52 53
77 16
29 1
35 82
41 11
41 7
94 33
78 13
60 23
33 81
68 56
35 2
100 27
99
9 32
69 25
85 74
71 33
98 48
51 28
88 88
38 53
49 38
32 93
99 92
88 21
75 53
56 94
82 74
72 27
7 17
38 55
73 10
84 33
51 49
14 56
98 36
83 67
54 54
82 9
66 44
99 65
3 91
4 61
64 71
76 15
27 13
72 7
90 37
22 41
45 72
83 85
83 62
36 100
25 64
32 65
86 54
77 15
24 18
64 68
16 11
17 72
72 33
40 6
26 88
25 42
8 48
90 82
92 50
39 1
46 37
18 45
89 27
58 65
3 45
64 80
92 29
74 64
42 28
15 57
12 41
37 16
39 97
42 65
53 44
68 17
98 49
91 41
100 67
65 64
35 57
18 35
53 99
22 63
76 14
28 95
26 24
12 36
60 88
93 60
99 100
51 78
12 69
51 36
3 99
60 33
64 63
18 72
64 1
65 29
95 85
100 83
83 71
59
53 54
38 20
69 79
100 70
79 90
35 9
35 38
29 84
67 97
98 83
95 63
10 8
82 77
85 38
77 22
58 89
33 47
22 14
57 13
83 33
34 9
64 8
30 3
79 63
12 22
23 49
68 18
86 51
49 15
77 18
2 56
14 79
61 45
36 28
7 57
39 40
70 21
5 30
41 84
28 91
13 64
90 57
38 74
33 16
67 60
47 21
27 81
94 59
8 69
23 4
57 77
22 21
24 68
70 95
45 58
60 21
94 89
2 15
97 23
60
68 53
67 62
68 5
94 78
5 1
87 48
92 14
36 51
62 4
41 99
74 94
97 75
5 65
79 17
89 100
24 17
16 41
68 22
98 74
40 73
88 74
27 90
71 5
28 92
10 8
68 70
5 26
41 8
30 63
25 68
1 23
19 42
99 67
36 99
69 18
10 32
3 39
21 4
22 80
66 2
54 74
89 18
22 3
8 27
7 81
65 35
72 35
57 84
74 55
11 98
34 31
22 1
84 54
75 10
67 53
95 98
61 8
22 77
36 9
18 89
19
36 45
12 48
89 65
37 83
52 72
75 87
81 4
15 49
98 68
99 33
13 49
56 9
69 49
52 26
6 58
8 56
30 18
78 9
59 18
33
52 72
89 2
88 39
27 85
45 61
63 20
55 5
59 21
13 56
51 42
16 32
23 88
5 16
91 73
29 11
41 41
98 60
77 47
93 41
87 93
13 1
44 41
19 93
82 43
6 66
80 85
29 10
31 91
100 86
77 22
69 91
40 50
91 1
3
46 8
30 33
59 48
81
4 30
49 83
43 11
29 7
26 24
33 83
62 81
20 17
25 99
43 36
12 54
81 74
18 91
74 74
20 31
46 57
97 16
52 35
8 66
89 88
95 14
7 75
71 65
81 96
66 60
31 69
30 61
44 81
39 54
90 75
94 36
39 72
19 61
83 75
75 75
89 63
62 100
61 28
41 9
53 36
11 97
27 31
66 52
98 78
77 34
30 45
86 83
33 78
59 92
38 73
92 97
39 69
75 1
20 99
86 4
46 66
28 63
57 65
61 52
49 55
75 71
1 3
92 38
96 61
85 16
22 55
31 48
97 39
26 27
96 17
83 44
44 12
33 50
2 90
89 84
82 60
88 54
3 21
69 26
10 6
79 63
47
2 6
42 29
21 16
52 14
74 34
68 94
74 72
69 82
98 64
24 4
44 8
90 93
45 80
22 95
24 90
68 18
82 8
54 4
76 70
93 51
8 94
85 88
6 48
31 29
11 67
81 90
54 63
13 94
85 65
85 5
86 100
46 19
51 96
83 81
81 55
81 65
29 48
3 45
91 60
39 35
58 69
24 94
79 65
64 65
2 34
1 62
85 60
81
42 9
14 31
48 12
72 92
42 56
8 92
14 91
97 38
48 44
72 26
77 99
77 53
43 67
89 55
16 51
71 86
71 83
4 13
45 81
7 93
28 3
69 67
89 31
70 53
90 72
24 26
18 46
62 5
75 24
49 9
81 64
83 58
80 35
86 22
59 87
18 16
72 98
64 31
57 55
37 96
35 81
41 44
32 47
28 93
91 1
2 74
58 18
62 46
11 82
1 72
44 66
43 2
45 94
82 38
61 20
47 47
67 35
57 23
71 14
16 83
71 30
4 24
21 96
11 70
11 33
62 82
57 88
32 38
79 75
5 17
80 72
97 41
23 58
79 67
67 93
1 18
49 49
70 32
9 30
20 58
66 98
60
3 71
12 42
98 95
31 65
33 3
12 72
11 24
98 61
55 90
58 89
45 67
93 15
44 34
16 96
45 79
4 18
6 40
31 33
31 44
26 68
88 27
82 25
86 33
17 67
30 40
2 83
15 77
19 72
39 99
22 39
7 12
48 16
23 20
59 27
26 23
5 17
40 32
3 86
15 4
64 78
62 45
54 29
32 46
65 98
68 14
10 95
71 53
79 54
28 54
81 79
39 29
44 99
67 78
89 98
28 26
45 19
56 39
64 36
24 43
34 84
24
63 37
17 80
55 85
81 71
46 68
95 81
48 50
55 54
99 7
81 31
21 86
62 92
41 58
64 66
50 51
74 39
11 29
51 48
96 42
10 65
19 70
45 86
10 85
77 26
2
64 42
72 100
61
52 85
55 51
80 36
58 31
47 21
17 74
88 16
34 66
79 94
15 5
95 25
7 55
37 90
29 80
78 56
100 16
14 16
1 17
96 47
63 45
95 79
3 75
11 83
53 52
66 91
68 56
87 52
85 14
15 34
99 58
17 38
12 34
15 90
39 72
85 69
50 64
77 95
38 86
4 76
62 48
51 54
100 50
64 11
25 27
43 50
74 36
23 18
21 5
65 66
32 60
18 99
67 17
12 11
73 49
96 35
75 6
73 94
91 97
9 32
24 88
70 58
85
6 25
15 70
25 97
23 50
68 28
66 95
96 95
20 67
93 19
98 72
96 35
68 67
66 27
32 8
75 97
25 25
22 63
34 45
42 76
14 18
57 62
18 27
61 99
16 47
87 16
84 85
15 64
23 42
67 100
62 41
83 71
1 24
88 28
86 8
51 16
55 31
72 43
85 58
59 26
47 88
68 58
72 47
29 37
71 6
79 73
75 58
28 25
69 83
55 60
9 77
40 47
9 56
54 34
27 63
77 64
70 25
49 70
24 5
76 73
46 16
80 50
9 88
74 53
31 22
58 42
75 68
66 52
79 55
4 76
33 9
80 7
64 56
89 48
6 18
85 57
21 67
36 20
78 6
68 92
25 31
28 61
86 31
31 89
71 91
67 89
100
22 98
62 10
49 36
88 6
8 43
29 56
96 38
90 21
23 93
70 67
91 27
57 100
9 89
78 96
37 42
75 76
84 99
55 24
68 22
55 78
46 23
16 49
35 1
29 81
24 35
53 82
11 36
10 8
50 98
100 63
86 95
29 83
80 17
19 14
94 14
16 75
10 69
4 35
39 25
23 87
24 88
47 56
87 72
14 13
2 14
7 80
44 38
18 17
7 17
20 12
12 45
53 98
71 80
6 13
17 36
83 99
5 18
76 66
100 6
47 24
39 51
45 84
27 4
73 3
19 90
70 65
84 98
42 13
100 87
94 61
65 92
48 76
72 74
63 29
98 74
18 56
68 60
32 59
89 50
79 66
52 93
86 26
69 26
64 33
47 4
28 100
58 74
92 66
89 32
1 14
73 40
19 56
10 81
30 7
63 62
98 66
43 80
86 70
55 37
63 91
