44
5157 4494
3618 2500
8525 1454
7422 4382
3191 2693
6239 5977
5459 8375
8900 3057
7952 8905
5238 2096
9513 294
1944 8308
4746 7785
8618 8070
4906 502
7560 5089
5562 2766
5908 2316
2745 3714
331 8461
3844 4702
6903 3510
8740 5986
5853 4925
6961 7093
1342 5812
9161 9177
9287 1005
6470 3544
3933 8277
4536 2749
5316 9182
5026 8891
4317 6520
4013 6750
9137 8686
9496 1724
2508 3053
889 469
7685 8765
1164 7505
1162 3311
1324 2140
4607 1830
9706
62
3827 2709
3353 4551
5060 2974
5507 2010
1909 2691
1716 665
3352 2752
266 1890
2398 2628
2584 648
5019 4270
634 4548
1463 4338
3436 3971
689 5026
2193 5252
808 2357
3635 307
4099 3816
5992 5842
4556 4392
255 2465
3 3311
2249 3055
3181 2149
1114 4007
3726 530
4665 4748
5519 4956
4141 5868
1045 2011
4310 509
1224 3917
1747 4844
3972 4812
4550 2765
3534 4735
55 830
2492 5068
1563 1637
1129 2624
3895 736
715 2782
3985 5658
2386 533
3212 4612
1398 849
360 4488
3459 5947
1736 3840
4180 5102
3740 4040
1929 4235
5265 799
254 780
2721 711
5504 4621
3560 1916
5343 3491
4312 3214
1219 4576
5719 1824
6046
54
3 1
3 2
3 1
2 1
2 2
1 3
3 2
2 1
2 3
1 3
2 3
3 2
3 2
3 3
3 3
3 2
2 3
3 1
2 2
3 1
2 2
3 1
1 3
1 2
1 3
1 2
3 2
2 1
3 3
3 3
1 2
1 2
2 1
3 3
2 2
3 1
2 3
2 1
2 2
3 2
2 1
1 1
3 1
1 3
2 1
3 3
2 3
1 2
1 3
2 2
3 1
2 2
1 1
3 3
3
73
2469 2727
1169 481
932 738
503 2606
1827 1938
1145 23
21 2417
639 2418
407 1604
1541 384
31 3029
23 1624
2671 2582
3118 1142
2121 2737
1861 1024
1582 20
1337 3206
2218 3155
469 3197
141 3402
2271 3395
1041 1740
686 2019
2705 2226
3102 506
935 1144
209 363
3386 670
2977 2147
251 2242
1158 178
2272 466
1112 486
1552 461
2986 809
456 1523
2772 2557
830 3302
280 2077
1829 2436
1012 2702
3379 3029
2651 3306
824 2446
3278 154
30 2717
2933 1760
1115 309
2357 2842
3095 1629
356 962
706 347
2787 2802
325 414
3000 1821
3232 2034
1501 1332
173 1918
461 2824
1566 2195
2788 70
2423 1995
83 3131
698 1076
2688 1954
281 2218
81 3305
2533 535
504 260
707 823
743 2151
1672 3113
3415
93
6479 2560
1713 8090
4218 1308
6511 1056
6864 2076
2341 2389
6422 6293
5306 1786
8018 2221
2455 7330
6641 5332
4131 6622
2522 3307
3774 4428
9234 2383
4789 4600
8791 1617
7923 265
7033 1236
1341 8008
5703 6647
7678 5598
3846 6437
1612 1214
5925 6286
6749 2758
7726 9161
6478 8700
1099 8831
6906 5805
5019 5707
4497 7182
1707 2219
5086 322
2256 1992
2947 1112
3500 6213
2746 3136
732 1013
7016 3012
4783 647
7402 4836
8735 600
709 5644
8121 4280
9070 7204
1000 6769
2532 9167
1155 1336
6214 2212
6579 5623
4172 8195
19 7514
4108 1170
5028 5055
4549 8244
1674 527
8299 5497
8695 4592
429 1337
4761 2405
8143 2825
8198 6453
876 4643
2957 6465
6572 737
7713 5434
1963 942
2628 6860
2414 2201
1184 4853
3864 3668
5821 4204
7455 592
5166 3530
3198 2327
8517 8606
3133 4706
4145 4760
5021 1008
8547 5697
5783 7203
3372 9147
4838 7293
2276 4659
7650 6131
3973 1204
5123 6787
7370 5514
7358 1563
1968 8577
9056 7423
3783 335
9244
43
4376 752
2114 2749
2521 3900
4441 2985
905 4413
2717 3195
2580 1115
1971 1535
2754 210
3422 3957
3266 298
4671 3112
2844 2317
1410 4179
3168 48
3225 3368
1303 3258
4497 1646
3059 1939
4637 1159
4060 3594
1621 3299
3624 2976
3322 3976
832 1445
3566 1436
4213 1281
2296 3746
2573 1163
4175 4369
3716 4213
3824 339
1958 2967
914 3762
4618 4728
2257 946
2594 3997
2366 76
3711 4368
656 328
1956 4352
1858 3144
4433 1827
4771
89
2130 2622
1756 1437
3027 2467
1779 559
2544 305
134 306
1001 315
887 2213
1416 237
557 1682
244 1027
26 1946
2615 1471
2269 222
1797 1473
2401 1501
1603 1961
2327 2997
1004 1096
2346 328
1713 1624
2276 1281
946 2097
2501 302
987 173
2601 394
376 2154
471 953
2978 883
1605 546
1476 78
1143 1521
1411 2051
1771 2796
963 729
2217 1295
1520 2607
605 291
1636 2209
2386 1468
1121 2017
2608 1412
1803 1360
2910 2249
305 516
2124 2457
2362 693
2733 1452
598 242
683 2239
1410 925
323 2775
1346 1414
91 342
1729 2090
330 2089
2136 1429
2375 1382
2384 1059
1980 1188
183 1022
254 794
1095 1697
2634 2835
1933 268
1604 875
2375 2245
2291 1002
546 890
943 1148
132 2573
2778 2907
125 2079
96 2966
2124 2935
2430 2416
2882 2966
997 2751
2041 1676
757 2779
77 3035
2050 1004
1840 2594
1907 1622
721 1909
1834 472
1316 229
1971 2005
1628 45
3045
72
3988 5345
1099 179
4192 3811
3223 4698
401 2597
4275 64
2671 1173
6714 3744
156 2892
4025 2271
4997 612
6664 1677
833 2146
6126 5200
3052 1221
3413 2393
3347 2416
2811 7206
2418 3611
1996 4728
3147 3501
6679 2208
3408 4400
2893 4701
3198 5137
3964 5514
6042 5477
6644 584
390 2769
4171 3707
5511 7133
4042 475
5584 350
5571 6147
6384 629
4467 1335
5131 294
4919 4294
2782 6629
3893 997
6797 6346
117 5031
778 3
1772 1378
1980 5470
5780 6775
5209 4047
5728 1425
5056 2705
4149 5528
5493 5927
2783 1912
2927 2755
6948 2562
1114 3527
1208 3077
3295 5023
4254 3084
5762 6453
413 5180
6636 1316
2180 4609
3238 3818
654 236
680 3607
1931 2885
375 5823
2627 1388
4835 3236
3011 1557
5804 5185
6223 6365
7231
63
6989 4120
7617 8530
4004 8682
2829 1864
4745 7884
5839 9119
260 6714
9112 791
3429 1071
8279 8157
2318 6382
7422 1809
3078 50
2636 3594
4782 1171
8960 2838
6968 1069
2700 3592
9105 51
4136 1090
6204 4035
4915 4703
8258 1512
1774 2708
4520 7540
6390 7881
1470 1265
7124 408
5863 6474
215 5683
3934 5586
7206 5073
2922 4015
1927 592
6819 7698
5041 649
133 7626
2036 7685
5777 3608
5989 8318
7970 1609
1388 5677
4300 2346
4049 4384
7720 2733
7529 1165
668 2278
4963 1229
4790 2164
2128 2952
496 6284
3931 345
793 5255
7139 4714
4773 2887
8847 6202
706 5853
2305 1329
5872 4619
1850 3449
8322 5167
9147 7886
4301 7747
9197
18
1165 4688
932 4716
3024 5202
7088 2595
3092 2701
7084 2871
5457 4301
7191 665
8432 7338
7142 3248
3135 6312
6850 1196
8588 8462
3950 2086
3652 889
4855 1929
6027 1022
4339 4642
8669
